68 112 84 124
84 124 88 88
88 88 60 80
60 80 68 112
64 192 84 196
84 196 80 148
80 148 56 152
56 152 64 192
248 112 136 80
136 80 160 120
160 120 200 124
200 124 248 112
128 160 148 132
148 132 120 92
120 92 104 140
104 140 128 160
120 224 168 220
168 220 168 188
168 188 120 180
120 180 120 224
212 164 212 144
212 144 176 140
176 140 176 160
176 160 212 164
260 184 280 160
280 160 260 132
260 132 240 152
240 152 260 184
236 244 268 216
268 216 200 200
200 200 200 216
200 216 236 244
352 160 360 124
360 124 284 76
284 76 280 104
280 104 352 160
96 280 92 212
92 212 72 216
72 216 60 280
60 280 96 280
204 284 200 240
200 240 120 240
120 240 124 280
124 280 204 284
320 276 340 220
340 220 288 220
288 220 260 280
260 280 320 276
0 500 500 500
500 500 500 0
500 0 0 0
0 0 0 500
-1
44
40 120
40.3886 120.148
50.5293 124.025
55.8737 126.264
61.3199 128.723
63.3304 129.688
68.7463 132.44
73.6182 134.991
83.3336 140.217
94.2155 146.117
107.788 153.411
114.247 156.741
122.944 161.012
129.58 164.105
134.885 166.446
139.354 168.31
142.015 169.371
143.433 169.911
144.534 170.307
146.104 170.838
147.646 171.332
149.496 171.888
152.75 172.809
156.926 173.923
162.161 175.239
166.695 176.313
171.191 177.312
175.661 178.24
179.69 179.015
185.174 179.993
191.309 181.01
202.55 182.719
214.935 184.479
229.246 186.377
242.213 188.009
256.179 189.675
268.531 191.081
280.803 192.409
292.773 193.65
305.362 194.907
317.431 196.068
328.742 197.134
339.215 198.104
360 200

1064